#p0-k0
6 6 6 6 6 4 6 6 4 6 4 6 6 4 4 4 4 4 6 6 6 6 6 4 6 6 6 4 6 4 6 4 6 4 6 6 4 6 4 4 4 4 6 6 6 6 4 4 6 4 4 4 4 6 6 6 6 6 4 4 4 6 6 4 4 4 4 4 4 6 6 6 6 6 4 6 6 4 4 4 4 4 4 6 4 4 6 6 4 4 4 4 4 4 4 4 4 4 4 4 4 4 4 4 4 4 4 4 4 4 4 4 4 4 4 4 4 4 4 4 4 4 4 4 4 4 4 4 4 4 4 4 4 4 6 4 4 4 4 4 4 4 4 4 4 4 4 4 4 4 4 4 4 4 4 4 4 4 4 4 4 4 0 0 0 0 0 0 0 0 0 0 0 0 0 6 0 0 0 0 0 0 0 0 0 0 0 0 0 0 0 0 0 0 0 0 0 0 0 0 0 0 0 0 0 0 0 0 0 6 0 0 6 4 6 6 6 6 6 6 6 6 6 6 6 6 4 0 0 6 6 0 0 0 6 6 3 6 0 6 0 6 6 4 6 4 0 6 6 6 0 3 6 6 0 6 6 6 0 6 6 0 0 6 0 6 6 6 6 6 6 0 0 6 6 6 2 2 2 2 2 2 2 2 2 2 2 2 2 2 2 2 2 2 2 2 2 2 2 2 2 2 6 6 6 6 6 6 6 6 6 6 6 6 6 6 6 6 6 6 6 6 6 6 6 6 6 6 2 5 5 5 5 5 5 5 6 5 6 5 6 5 5 5 5 5 5 5 5 6 6 6 6 6 6 5 6 5 6 5 6 1 1 1 1 1 1 1 1 1 1 1 1 1 1 1 1 1 1 1 6 1 1 1 1 6 1 1 1 1 1 1 1 1 1 1 1 1 1 1 1 1 1 1 1 1 1 1 1 1 1 1 1 1 1 1 1 1 1 1 1 1 1 1 1 1 1 3 3 3 3 3 3 3 3 3 3 3 3 3 3 3 3 3 6 3 3 3 3 3 3 3 3 3 6 3 3 6 3 3 3 3 3 3 3 3 3 3 
#p0-k1
6 6 4 4 6 4 6 4 4 6 6 4 4 6 4 6 4 4 6 4 4 6 4 6 4 6 6 4 4 6 6 6 6 6 4 4 6 4 6 4 6 4 4 6 4 6 6 4 6 4 4 4 6 4 6 6 6 6 6 6 4 4 4 4 6 6 6 4 4 4 4 4 4 6 6 4 4 6 6 6 6 6 6 4 4 6 4 6 4 4 4 4 4 4 4 4 4 4 4 4 4 4 4 4 4 4 4 4 4 4 4 4 4 4 4 4 4 4 4 4 4 4 4 4 4 4 4 4 4 4 4 4 4 4 4 4 4 4 4 4 4 4 4 4 4 4 4 4 4 4 4 4 4 4 4 4 4 4 4 4 4 4 0 0 0 0 0 0 0 0 0 0 0 0 0 0 0 0 0 0 0 0 0 0 0 0 0 0 0 0 6 0 0 0 0 0 0 0 0 0 0 0 0 0 0 0 0 6 6 6 6 6 0 6 4 6 6 0 6 6 6 6 6 6 6 6 6 6 6 4 6 6 0 6 6 6 6 6 0 6 6 4 6 6 6 6 4 4 6 6 6 6 6 6 6 6 6 6 6 6 2 4 6 6 2 6 6 6 6 6 6 0 6 0 6 3 2 2 2 2 2 2 2 2 2 2 2 2 2 2 2 2 2 2 2 2 2 2 2 2 2 2 6 6 6 6 6 6 6 6 2 6 2 6 6 6 6 6 6 6 6 6 6 2 6 6 6 6 6 5 5 5 5 5 5 5 6 5 5 5 5 5 5 5 5 5 5 5 5 6 5 5 5 5 5 6 5 5 5 5 6 1 1 1 1 1 1 1 1 1 1 1 1 1 1 1 1 6 1 1 1 1 1 1 1 1 1 1 1 1 1 1 1 1 1 1 1 6 1 1 1 1 1 1 1 1 1 1 1 1 1 1 1 1 1 1 6 1 1 1 1 1 1 1 1 1 1 3 3 3 3 3 3 3 3 3 3 3 3 3 3 3 3 3 3 3 3 3 3 3 3 3 3 3 6 3 3 3 3 3 3 3 3 3 3 3 3 3 
#p0-k2
6 6 6 6 4 6 6 6 4 4 6 4 6 4 4 6 6 6 4 6 6 4 6 6 6 4 4 6 6 6 6 4 4 4 6 6 6 4 6 6 6 6 6 4 6 6 6 4 4 6 4 6 6 4 6 6 6 6 6 6 6 4 6 4 6 6 4 6 4 6 4 6 6 6 6 6 6 6 4 6 6 6 4 6 4 4 4 6 4 4 4 4 4 4 4 4 4 4 4 4 4 4 4 4 4 4 4 4 6 4 4 4 4 4 4 4 4 4 4 4 4 4 4 4 4 4 4 4 4 4 4 4 4 4 4 4 4 4 4 4 4 4 4 4 4 4 6 4 4 4 4 4 4 4 4 4 4 4 4 4 4 4 0 0 0 0 0 0 0 0 0 0 6 0 0 0 0 0 0 0 0 0 0 0 0 0 0 0 0 0 0 0 0 0 0 0 0 0 0 0 0 0 0 0 0 0 0 4 4 6 0 0 0 6 4 0 0 0 0 6 6 0 4 0 0 6 0 0 0 0 0 0 6 4 6 0 0 0 6 0 6 0 0 6 0 6 6 6 0 6 0 0 0 6 6 6 0 0 6 0 0 0 0 0 2 6 0 0 0 0 0 0 0 0 6 4 2 2 2 2 2 2 2 2 2 2 2 2 2 2 2 2 2 2 2 2 2 2 2 2 2 2 2 6 6 6 6 6 6 6 6 2 6 6 6 6 6 6 6 6 6 6 6 6 6 6 2 2 6 5 5 5 5 5 5 5 5 5 5 5 5 5 5 5 5 5 5 5 5 5 5 5 5 6 5 6 5 5 5 6 5 1 1 1 1 1 1 1 1 1 1 1 1 1 1 1 1 1 1 1 1 1 1 1 1 1 1 1 1 1 1 1 1 1 1 1 1 1 1 1 1 1 1 1 1 1 1 1 1 1 1 1 1 1 1 1 1 1 6 1 1 1 1 1 1 1 1 3 3 3 3 3 3 3 3 3 3 3 3 3 3 3 3 3 3 3 3 3 3 3 3 3 3 3 3 3 3 3 3 3 3 3 3 3 3 6 3 3 
#p0-k3
6 4 4 6 4 4 6 6 6 4 6 6 6 4 4 4 6 6 0 4 4 4 4 4 4 4 6 4 6 4 6 4 6 4 4 4 4 4 4 0 4 6 4 4 4 6 4 6 4 4 6 4 6 4 6 6 6 6 4 0 4 4 6 4 6 4 4 4 4 6 4 4 4 6 6 4 6 4 6 4 4 6 6 4 4 6 6 4 6 4 4 4 4 4 4 4 4 4 4 4 4 4 4 4 4 4 4 4 4 4 4 4 4 4 4 4 4 4 4 4 4 4 4 4 4 4 4 4 4 4 4 6 4 4 4 4 4 4 4 4 4 4 4 4 4 4 4 4 4 4 4 4 4 4 4 4 4 4 4 4 4 4 0 0 0 0 0 6 0 6 0 0 0 0 0 0 6 0 0 0 0 0 6 0 6 0 0 0 6 0 6 0 0 6 0 0 0 0 6 0 0 0 0 0 6 0 0 6 6 6 6 6 4 6 6 6 6 6 6 4 0 0 4 6 6 6 6 6 6 6 2 4 6 6 6 6 6 0 6 6 6 0 4 0 6 6 6 6 6 6 6 6 6 6 6 6 0 6 6 6 6 6 6 6 6 6 6 6 6 6 6 6 6 6 6 6 2 2 2 2 2 2 2 2 2 2 2 2 2 2 2 2 2 2 2 2 2 2 2 2 6 2 6 2 6 6 6 6 6 6 2 2 2 6 6 6 2 6 6 6 6 6 6 2 2 6 2 6 6 5 5 5 5 5 5 5 5 5 5 5 5 5 5 5 5 5 5 5 5 5 5 5 5 5 5 5 5 5 5 5 5 1 1 6 1 1 1 1 1 1 1 1 1 1 1 1 1 1 1 1 1 1 1 6 1 1 1 1 1 1 1 1 1 1 6 1 1 1 1 1 1 1 1 1 1 1 1 1 1 1 1 1 1 1 1 1 1 1 1 1 1 1 1 1 1 6 1 3 3 3 3 6 3 3 3 3 3 3 3 3 3 3 3 3 3 3 3 3 3 3 3 3 3 3 3 3 3 3 3 3 3 3 3 3 3 3 3 3 
#p0-k4
6 6 6 6 6 6 4 6 6 6 4 4 6 6 6 4 4 6 6 6 6 6 6 6 6 6 6 6 6 6 6 6 6 6 6 6 6 6 4 6 6 6 6 6 6 4 6 4 6 4 6 6 4 6 4 6 6 6 4 6 4 4 6 6 6 6 6 6 6 6 4 6 6 4 6 4 6 6 6 6 6 6 4 6 6 6 6 6 6 4 6 4 4 6 4 4 4 4 4 4 4 4 4 4 4 4 4 4 4 4 4 4 4 4 4 4 4 4 4 4 4 4 4 4 4 4 4 4 4 4 4 4 4 4 4 4 4 4 4 4 4 4 4 4 4 4 4 4 4 4 4 4 4 4 4 4 4 4 4 4 4 4 4 4 4 4 4 4 0 0 0 0 6 0 0 0 0 0 0 0 6 6 0 0 0 0 0 0 6 6 0 0 0 0 0 0 0 0 6 0 0 0 0 0 0 0 0 0 0 0 0 0 0 0 0 0 6 6 6 6 0 0 6 0 0 6 0 6 6 0 6 6 0 6 6 6 0 0 6 0 0 6 0 0 6 0 0 0 0 6 6 0 0 6 6 6 6 6 6 0 0 0 6 6 0 6 0 0 0 6 6 6 6 0 0 6 6 6 6 6 0 0 0 6 0 0 0 2 2 2 6 2 2 2 2 6 6 2 2 2 2 2 2 2 2 2 6 2 2 2 2 2 2 2 2 2 6 6 6 6 6 6 6 6 6 6 6 6 2 6 6 6 6 6 6 6 6 6 6 6 6 6 6 2 6 6 6 6 6 5 5 5 5 5 5 6 6 6 6 5 6 5 5 5 5 5 5 5 6 6 6 5 5 5 6 5 5 5 5 6 5 1 1 1 1 1 1 1 1 1 1 1 1 1 1 1 1 1 1 1 1 1 1 1 1 1 1 1 1 1 1 1 1 1 1 6 1 1 1 1 1 6 1 1 1 1 1 1 1 1 1 1 1 1 1 1 1 1 1 1 1 1 1 6 1 1 1 1 3 3 3 3 3 3 3 3 3 3 3 3 3 3 3 3 3 3 3 3 3 3 3 3 3 3 3 3 3 3 3 3 3 3 3 3 3 3 3 3 3 3 3 3 
#p1-k0
4 4 4 4 4 6 4 4 4 4 4 4 4 4 4 4 4 4 4 4 4 4 4 4 4 4 4 4 4 4 4 4 4 4 4 4 4 4 4 4 4 4 4 4 4 4 4 4 4 4 4 4 4 4 4 4 4 4 4 4 4 4 4 4 4 4 4 4 4 4 4 4 4 4 4 4 4 4 4 4 4 4 4 4 4 4 4 4 4 6 6 6 4 6 4 6 6 6 4 6 6 6 6 6 6 6 6 6 6 6 6 6 6 5 6 6 6 6 6 6 6 4 6 6 6 6 4 6 4 4 6 6 6 6 4 6 4 6 6 6 4 6 6 6 6 6 4 6 6 6 4 6 6 6 4 6 6 5 6 4 6 6 0 0 0 0 0 0 0 0 0 0 0 0 0 0 0 0 0 6 0 0 0 0 0 0 0 0 0 0 0 0 0 0 0 0 0 0 0 0 0 0 0 0 0 0 0 5 5 5 5 5 5 5 5 5 6 5 5 5 5 5 5 5 5 5 5 5 5 5 5 5 5 5 5 5 5 5 5 5 5 5 5 5 5 5 5 5 6 5 5 5 5 5 5 5 5 5 5 5 5 5 5 5 5 5 5 5 5 5 5 5 5 5 5 5 3 3 3 3 3 3 3 3 3 3 3 3 3 3 3 3 3 3 3 6 3 3 3 3 3 3 3 6 6 6 6 6 6 3 6 6 3 3 6 6 6 3 3 3 3 6 3 6 6 3 6 6 6 2 2 2 2 6 6 6 2 2 2 2 6 2 2 2 2 2 2 2 2 6 2 2 6 6 6 6 6 2 2 6 6 6 6 6 6 6 6 6 3 6 6 6 6 6 6 6 3 6 4 6 6 6 6 6 6 6 6 6 6 6 6 3 6 6 6 6 6 6 6 6 3 6 6 6 6 6 6 6 6 6 6 6 6 6 6 6 6 6 6 6 6 6 6 3 6 6 6 1 1 1 1 1 6 1 1 1 1 1 1 1 1 1 1 1 1 1 1 1 1 1 1 6 1 1 1 1 1 1 1 1 1 1 1 1 1 1 1 1 
#p1-k1
4 4 4 4 4 4 4 4 4 4 4 4 4 4 4 4 4 4 4 4 4 4 4 4 4 4 4 4 4 4 4 4 4 4 4 4 4 4 4 4 4 4 4 4 4 4 4 4 6 4 4 4 4 4 4 4 4 4 4 4 4 4 4 4 4 4 4 4 4 4 4 4 4 4 4 4 4 4 4 4 4 4 4 4 4 4 4 4 4 4 4 6 4 6 6 6 4 6 6 4 6 0 6 6 4 6 6 6 6 6 6 6 4 4 6 6 6 6 4 6 6 6 6 6 6 6 6 6 6 4 6 6 6 4 6 6 6 6 6 6 6 4 6 6 6 6 6 6 6 6 6 6 6 6 6 6 4 6 6 6 6 6 0 6 0 0 0 6 0 0 0 6 0 0 0 0 0 0 0 0 0 0 0 0 0 0 0 0 0 0 0 0 0 0 0 0 0 0 0 0 0 0 0 0 0 0 0 5 5 5 5 6 5 5 5 5 5 5 5 5 5 5 5 5 5 5 5 5 5 6 5 5 5 5 6 5 5 5 6 5 5 5 5 5 5 5 5 5 5 5 6 5 5 5 5 6 6 5 5 5 6 5 6 5 5 5 6 5 5 5 5 5 5 5 5 6 3 3 3 3 3 3 3 3 3 3 3 3 3 3 3 3 3 3 3 3 3 3 3 3 3 3 3 6 6 6 6 6 6 6 6 3 6 6 3 6 6 6 6 3 6 3 6 6 3 6 6 3 6 2 2 2 2 2 6 2 2 2 2 2 2 2 2 2 2 6 2 6 2 6 6 2 6 2 6 6 6 6 2 2 6 6 6 3 6 6 6 6 6 6 6 6 6 6 6 6 6 6 6 1 6 6 6 6 6 1 3 6 6 6 6 6 6 6 6 6 6 6 6 6 6 6 6 1 6 6 6 6 6 6 6 6 6 6 6 6 3 6 0 6 6 6 0 6 6 6 6 1 6 1 1 1 1 1 1 1 1 1 1 1 6 1 1 1 1 1 1 1 1 1 1 1 1 1 1 1 1 6 1 1 1 1 1 1 6 1 1 1 
#p1-k2
4 4 4 4 4 4 4 4 4 4 4 4 4 4 4 4 4 4 4 4 4 4 4 4 4 4 4 4 4 6 4 4 4 4 6 4 4 4 4 4 4 4 4 4 4 4 4 4 4 4 4 4 4 4 4 4 4 4 4 4 4 4 4 4 4 4 4 4 4 4 4 4 4 4 4 4 4 4 4 4 4 4 4 4 4 4 4 4 4 6 6 4 6 6 6 6 6 6 6 4 4 6 6 6 6 6 6 6 6 6 6 6 6 6 6 4 6 6 6 6 4 6 6 4 6 6 6 6 6 6 6 5 6 6 6 6 6 4 4 6 4 4 6 6 6 4 6 6 6 5 6 6 6 6 6 6 6 6 4 4 6 4 0 6 6 0 0 0 0 0 0 0 0 0 0 0 0 0 0 0 0 0 0 0 0 0 0 6 0 0 0 0 0 0 0 0 0 0 0 0 0 0 0 0 0 0 0 5 5 5 5 5 5 5 5 5 5 5 5 5 5 5 5 5 5 5 5 5 5 5 5 5 5 5 5 5 5 5 5 5 5 5 5 5 5 5 5 5 5 5 5 5 5 5 5 5 6 5 5 5 6 5 5 5 5 5 5 5 5 5 5 5 5 5 5 5 3 3 3 3 3 3 3 3 3 3 6 3 3 3 3 3 3 3 3 3 3 3 3 3 3 3 6 6 6 3 6 6 6 6 3 6 3 3 6 6 3 6 6 6 3 3 6 3 6 6 3 6 6 2 2 2 2 2 2 2 2 2 2 2 2 2 2 2 2 2 2 2 2 2 6 2 6 6 6 6 6 6 6 6 6 6 6 6 6 6 6 6 6 6 6 6 6 6 6 6 6 6 3 6 6 6 6 6 6 6 6 6 6 4 6 6 6 6 6 6 6 6 6 6 6 6 6 6 6 1 6 6 6 6 6 6 6 6 6 6 6 6 6 6 3 6 6 6 6 6 3 1 1 1 1 1 1 1 6 6 1 1 1 1 1 1 1 1 1 1 1 1 1 1 1 1 6 1 6 1 1 1 1 1 1 1 1 1 1 1 1 1 
#p1-k3
4 4 4 4 4 4 4 4 4 4 4 4 4 4 4 4 4 4 4 4 4 4 4 4 4 4 4 4 4 4 4 4 4 4 4 4 4 4 4 4 4 4 4 4 4 4 4 4 4 4 4 4 4 4 4 4 4 4 4 4 4 4 4 4 4 4 4 4 4 4 4 4 4 4 4 4 4 4 4 4 4 4 4 4 4 4 4 4 4 4 4 6 6 4 4 6 6 4 6 4 6 4 6 6 4 6 6 4 4 6 4 6 6 6 6 4 6 4 6 6 6 6 6 6 6 4 6 4 6 6 6 6 6 6 6 4 4 6 6 0 6 6 6 6 6 6 6 4 4 6 4 6 6 6 4 6 6 6 6 5 4 4 0 0 0 0 6 0 0 0 0 0 0 0 0 0 0 0 0 0 0 0 0 0 0 0 0 0 0 0 0 0 0 0 0 0 0 0 0 0 0 0 0 0 0 0 0 5 5 5 5 5 5 5 5 5 5 5 5 5 5 5 5 5 5 5 5 5 5 5 5 5 5 5 5 5 5 5 5 5 5 5 5 5 5 5 5 5 5 5 5 5 5 5 5 5 5 5 5 5 5 5 5 5 5 5 5 5 5 5 5 5 5 5 5 5 3 6 3 3 3 3 3 3 6 3 3 6 3 3 3 3 3 3 3 3 3 3 3 6 3 3 6 6 6 3 6 6 6 6 6 6 6 6 3 6 6 6 3 6 6 6 6 6 6 6 6 6 6 2 2 6 2 2 2 2 6 2 2 2 2 2 2 2 2 2 2 2 6 6 6 6 2 2 6 2 6 6 6 6 2 6 4 6 6 1 1 6 6 6 6 6 6 6 4 6 6 6 6 3 6 6 1 6 6 6 6 6 6 6 6 6 6 6 6 6 6 6 6 6 6 6 6 6 6 6 6 1 6 6 6 6 6 6 6 1 6 6 6 6 6 6 6 4 6 6 6 1 1 1 1 1 1 1 1 1 1 1 1 1 6 1 1 1 1 1 1 1 1 1 1 1 1 1 1 6 1 1 1 1 1 1 1 1 1 1 1 1 
#p1-k4
4 4 4 4 4 4 4 4 4 4 4 4 4 4 4 4 4 4 4 4 4 4 4 4 4 4 4 4 4 4 4 4 4 4 4 4 4 4 4 4 4 4 4 4 4 4 4 4 4 4 4 4 4 4 4 4 4 4 4 4 4 4 4 4 4 4 4 4 4 4 4 4 4 4 4 4 4 4 4 4 4 4 4 4 4 4 4 4 4 4 4 4 4 6 4 4 4 4 4 4 4 4 6 4 0 4 4 5 4 4 4 4 4 4 5 4 4 6 4 4 6 4 0 4 6 4 4 0 4 4 4 4 6 4 4 4 6 4 0 6 4 6 4 4 4 4 4 4 4 4 4 4 0 4 4 4 0 4 4 4 4 0 0 4 0 4 4 6 0 0 0 0 0 0 0 4 0 0 0 0 0 0 0 0 0 0 0 0 0 0 0 0 0 0 0 0 0 0 0 0 0 0 0 0 0 0 0 0 0 0 0 0 0 0 5 5 5 5 5 5 6 5 5 5 5 5 5 5 5 5 5 5 5 5 5 5 6 5 5 5 6 5 5 6 5 5 5 5 5 0 5 5 5 5 6 5 6 5 5 5 5 5 5 5 5 5 6 5 5 5 5 5 5 5 5 5 5 5 5 5 5 5 5 5 5 5 5 6 3 3 3 3 3 3 3 3 3 3 3 3 3 3 3 3 3 3 3 6 3 3 3 3 3 3 3 3 4 6 6 6 4 4 6 3 4 6 6 4 0 6 6 6 6 4 4 4 6 6 6 3 6 6 3 3 4 2 2 2 2 2 2 2 2 2 2 2 2 2 2 2 2 2 2 2 2 2 2 2 6 6 6 2 2 2 6 6 2 6 2 2 6 3 6 6 0 6 6 4 6 6 6 6 6 6 4 6 6 6 3 0 6 6 6 6 6 6 6 6 6 6 4 3 3 6 6 6 6 1 0 6 6 6 6 0 6 6 6 6 6 6 6 6 6 0 6 6 6 6 4 6 0 6 6 6 6 6 4 6 1 1 1 1 1 1 1 1 1 1 1 1 1 1 1 1 1 1 1 1 1 1 1 1 1 1 1 1 1 1 1 1 1 1 1 1 1 1 1 1 1 1 1 1 
#p2-k0
3 3 3 3 3 3 3 3 3 3 3 3 3 3 3 3 3 3 3 3 3 3 3 3 3 6 3 3 3 3 3 3 3 3 3 3 3 3 3 3 3 3 3 3 3 3 3 3 3 3 3 3 3 3 3 3 3 3 3 3 3 3 3 3 3 3 3 3 3 3 3 3 3 3 3 3 3 3 3 6 3 3 3 3 3 3 3 3 3 1 1 1 1 1 1 1 1 1 1 1 1 1 1 1 1 1 1 1 6 1 1 1 1 1 1 1 1 1 1 1 1 1 1 1 1 1 1 1 1 1 1 1 1 1 1 1 1 1 1 1 1 1 1 1 1 1 1 1 1 1 1 1 1 1 1 1 1 1 1 1 1 1 5 5 5 5 5 5 5 5 5 5 5 5 5 5 5 5 5 5 5 5 5 5 5 5 5 5 5 5 5 5 5 5 5 5 5 5 5 5 5 5 5 5 5 5 5 5 5 5 5 5 6 6 6 6 6 6 6 6 6 6 5 5 5 5 6 6 1 5 6 5 5 6 5 6 6 6 6 6 6 5 5 5 5 6 5 6 6 6 5 5 5 6 5 5 5 5 5 5 6 5 6 5 6 5 5 5 5 6 6 5 5 6 6 5 0 0 0 0 0 0 0 0 0 0 0 0 0 0 0 0 0 0 0 0 0 0 0 0 0 0 2 2 2 2 6 2 2 6 2 2 2 2 6 2 2 6 2 2 2 2 6 6 2 2 2 2 2 6 6 6 6 6 6 6 6 4 4 6 6 6 6 6 6 6 6 6 4 4 4 4 4 4 4 4 4 4 4 6 6 6 6 6 6 6 6 2 6 6 6 6 6 6 6 6 6 6 6 6 6 6 6 6 2 6 6 6 6 6 6 6 6 6 6 6 6 6 2 6 6 6 6 6 6 6 6 6 2 6 6 6 6 6 2 6 6 0 6 6 6 6 6 2 6 6 6 6 6 6 1 6 2 6 6 6 2 6 6 6 6 6 6 6 6 6 6 6 6 6 6 6 6 6 6 6 6 6 6 6 6 6 6 6 6 6 6 6 
#p2-k1
3 3 3 3 3 3 3 3 3 3 3 3 3 3 3 3 3 3 3 3 3 3 3 3 3 3 3 3 3 3 3 3 3 3 3 3 3 3 3 3 3 3 3 3 3 3 3 3 3 3 3 3 3 3 3 3 3 3 3 3 3 3 3 3 3 3 3 3 3 3 3 3 3 3 3 3 3 3 3 3 6 3 3 3 3 3 3 3 3 1 1 1 1 1 1 1 1 1 1 1 1 1 1 1 1 1 1 1 1 1 1 1 6 1 1 1 1 1 1 1 1 1 1 1 1 1 1 1 1 1 1 1 1 1 1 1 1 1 1 1 1 1 1 1 1 1 1 1 1 1 1 1 1 1 1 1 1 1 1 1 1 1 5 5 5 5 5 5 6 5 5 5 5 5 5 5 5 5 6 5 5 5 5 5 5 6 5 5 5 5 5 5 5 5 5 5 5 6 5 5 5 6 5 5 5 5 6 6 6 1 6 5 6 6 6 5 6 6 6 5 6 6 6 6 5 5 6 6 5 5 6 5 1 6 6 6 6 6 6 6 5 5 5 6 5 6 5 6 6 1 5 1 6 5 6 6 6 6 5 5 6 1 6 6 1 6 6 6 5 1 6 6 6 5 6 6 0 0 0 0 0 0 0 0 0 0 0 6 6 6 0 0 0 0 0 0 0 0 0 0 0 0 2 2 6 2 2 2 2 2 2 2 2 2 2 2 2 2 2 2 6 6 2 2 2 2 2 2 2 4 6 6 6 6 4 6 4 4 4 4 6 4 4 6 6 6 4 6 4 4 4 6 4 4 4 4 4 4 4 4 4 3 6 6 6 3 6 6 6 6 6 6 6 6 6 6 6 6 6 6 6 5 6 6 3 6 6 6 6 6 6 3 6 6 6 6 3 3 6 3 2 6 6 6 3 3 6 6 6 6 3 6 2 6 6 6 6 6 3 6 6 3 6 6 6 6 6 6 6 6 6 6 6 6 6 6 2 6 6 6 6 6 6 6 6 6 6 2 6 6 6 6 6 6 6 6 6 6 2 6 6 6 6 1 6 6 6 6 
#p2-k2
3 3 3 3 3 1 3 3 3 3 3 3 3 3 3 3 3 3 3 3 3 3 3 3 3 3 3 3 3 3 3 3 3 3 3 3 3 6 3 3 3 3 3 3 3 3 3 3 3 3 3 3 3 3 3 3 3 3 3 3 3 3 3 3 3 3 3 3 3 3 3 3 3 3 3 3 3 3 3 3 3 3 3 3 3 3 3 3 6 1 1 1 1 1 1 1 1 1 1 1 1 1 1 1 1 1 1 1 1 1 1 1 1 1 1 1 1 1 1 1 1 1 1 1 1 1 1 1 1 1 1 1 1 1 1 1 1 1 1 1 1 1 1 1 1 1 1 1 1 1 1 1 1 1 6 1 1 1 1 1 1 1 5 5 6 6 6 5 5 5 5 5 5 5 5 5 5 5 5 5 5 5 5 5 5 6 5 5 5 5 5 5 5 5 5 5 5 5 5 5 5 5 5 5 5 5 5 5 5 5 6 5 6 6 6 5 5 5 6 6 5 1 1 5 5 5 5 6 5 5 5 5 5 5 6 6 5 6 6 6 6 6 6 1 5 1 5 6 5 6 6 6 5 6 5 5 6 5 6 6 5 5 6 6 5 6 6 6 5 5 0 6 5 6 5 6 0 0 0 0 6 0 0 0 6 0 0 6 0 6 0 0 0 0 0 0 0 0 0 0 0 0 2 2 2 2 2 2 2 2 2 2 2 6 2 2 2 2 2 2 2 2 2 2 2 2 2 2 6 6 6 6 6 6 6 6 6 6 6 6 4 6 6 6 6 6 6 6 4 4 4 4 4 6 4 4 4 4 4 4 4 6 1 6 6 6 6 6 3 6 6 6 6 6 6 6 6 6 6 2 6 6 6 6 6 6 6 6 6 6 6 6 6 6 6 6 6 6 6 6 6 6 1 2 6 6 6 6 6 6 6 6 6 6 6 6 6 6 6 6 6 6 6 6 6 6 6 6 6 6 6 6 6 6 6 6 6 6 6 6 6 6 6 6 6 6 6 6 6 6 6 6 6 6 6 6 6 6 6 6 6 6 6 6 6 6 6 6 
#p2-k3
3 3 3 3 3 3 3 3 3 3 3 3 3 3 3 3 3 3 3 3 3 3 3 3 3 3 3 3 3 6 3 3 3 3 3 3 3 3 3 3 3 3 3 3 3 3 3 3 3 3 3 3 3 3 3 3 3 3 6 3 3 3 3 3 3 3 3 3 3 3 3 3 3 3 3 3 3 3 3 3 3 3 3 3 3 3 3 6 3 1 1 1 1 1 1 1 1 1 1 1 1 6 1 1 1 1 1 6 1 1 6 1 1 1 1 1 1 1 1 1 1 1 1 1 1 1 1 1 1 1 1 1 1 1 1 1 1 1 1 1 1 1 1 1 1 1 1 1 1 1 1 1 1 1 1 1 1 1 1 1 1 1 5 5 5 5 5 6 5 5 5 5 5 5 5 5 5 6 5 5 5 5 5 5 5 5 5 5 5 5 5 5 5 5 5 5 6 5 5 5 5 5 5 5 5 5 5 6 6 5 6 6 6 6 5 5 6 6 6 6 6 6 6 6 6 6 6 6 6 5 6 6 5 5 5 5 6 5 6 6 6 6 5 6 6 6 6 6 6 6 6 5 6 6 6 6 6 6 6 6 6 6 6 6 6 5 5 5 6 6 6 5 5 5 6 6 0 0 0 6 0 0 0 0 0 0 0 0 0 0 0 0 0 0 0 0 0 0 0 0 0 0 6 2 2 2 2 6 2 6 6 2 2 6 2 2 2 2 2 2 2 2 2 2 2 6 2 2 2 6 6 6 6 4 6 6 6 6 6 6 6 6 6 6 6 6 6 6 6 4 4 4 6 4 6 6 4 6 4 6 6 6 2 6 6 6 2 6 6 6 6 2 6 2 6 6 2 6 2 2 6 2 6 2 6 6 2 2 6 6 2 6 6 6 2 2 6 6 6 6 6 6 6 6 6 6 6 6 2 6 6 2 6 6 6 6 3 2 6 2 6 2 6 6 6 6 6 6 6 6 6 6 6 6 6 6 6 6 6 2 6 6 6 6 6 6 6 2 6 3 6 6 6 6 6 6 6 6 6 6 6 6 6 6 6 6 6 6 
#p2-k4
3 3 3 3 3 3 3 3 3 3 3 3 3 3 3 3 3 3 3 3 3 3 3 3 3 3 3 3 3 3 3 3 3 3 3 3 3 3 3 3 3 3 3 3 3 3 3 3 3 3 3 3 3 3 3 3 3 3 3 3 3 3 3 3 3 3 3 3 3 3 3 3 3 3 3 3 3 3 3 3 3 3 3 3 3 3 3 3 3 3 3 3 3 1 1 1 6 1 1 1 1 1 1 1 1 1 1 1 1 1 1 1 1 1 1 1 1 1 1 1 1 1 1 1 1 1 1 1 1 1 1 1 1 1 1 1 1 1 1 1 1 1 1 1 1 1 1 1 1 1 1 1 1 1 1 1 1 1 1 1 1 1 1 1 1 1 1 1 5 5 5 5 5 5 5 5 5 5 5 5 5 5 5 5 5 5 5 5 5 5 5 5 5 5 5 5 5 5 5 5 5 5 5 5 5 5 5 5 5 5 5 5 5 5 1 1 1 1 1 1 5 5 1 1 1 1 5 5 1 5 1 1 1 1 1 6 1 1 5 5 1 5 1 1 1 1 5 5 1 5 5 1 1 1 1 1 5 5 1 5 1 1 1 1 5 6 5 1 6 5 6 1 1 1 5 1 1 1 5 1 6 1 1 5 1 1 6 0 0 6 0 0 0 0 0 0 0 0 0 0 0 0 0 0 0 0 0 0 0 0 0 0 0 0 0 0 2 2 2 2 2 2 2 2 2 2 2 2 2 2 2 2 2 2 2 2 2 6 2 2 2 2 2 2 2 4 6 4 6 4 6 6 4 6 6 4 6 4 6 4 6 5 5 4 6 5 4 5 4 6 4 4 4 4 4 4 4 4 4 4 4 1 3 2 6 3 1 1 6 6 1 1 6 6 1 3 6 1 6 6 1 6 1 6 1 6 3 6 6 0 6 6 3 3 3 6 1 6 1 6 1 6 6 1 0 1 1 6 6 6 6 1 6 6 6 6 1 1 1 6 1 6 6 6 6 6 1 1 6 3 6 3 3 3 6 3 1 6 6 6 3 3 6 6 6 6 0 6 6 3 3 6 3 3 1 3 3 6 6 3 6 3 1 3 6 6 3 6 3 6 6 6 
#p3-k0
2 2 2 3 2 2 2 2 2 2 2 2 2 2 6 2 2 2 2 2 2 2 6 2 2 2 2 2 2 2 6 2 2 2 2 6 2 2 2 2 2 2 2 2 2 2 2 2 2 2 2 2 2 2 2 2 2 2 2 6 2 2 2 2 2 2 2 2 2 2 2 2 3 2 2 6 2 2 6 2 2 2 2 2 6 2 6 2 2 2 2 2 2 2 2 2 2 2 2 2 2 2 2 2 2 2 2 2 2 2 2 2 2 2 2 2 2 2 2 2 2 2 2 2 2 2 2 2 2 2 2 2 2 2 2 2 2 2 2 2 2 2 2 2 2 2 2 2 2 2 2 2 2 2 2 2 2 2 2 2 2 2 3 3 3 3 3 3 3 3 3 3 3 3 3 3 3 3 3 3 3 3 3 3 3 3 3 3 3 3 3 3 3 3 3 3 3 3 3 3 3 3 3 3 3 3 3 6 6 6 6 3 6 3 3 2 6 3 3 3 3 3 6 2 3 6 6 3 6 6 3 6 3 3 3 3 3 3 3 3 6 2 3 6 3 3 3 3 6 3 3 3 3 3 3 3 3 3 3 6 6 2 3 3 6 3 3 6 3 6 3 3 2 6 3 3 1 1 1 1 1 1 1 1 1 1 1 1 1 1 1 1 1 1 1 6 1 6 1 1 1 1 0 0 6 0 0 0 0 0 0 0 0 0 0 0 0 0 0 0 0 0 0 0 6 0 0 0 0 5 5 5 5 5 5 5 5 6 5 6 5 5 5 5 5 5 5 5 6 5 6 5 5 5 5 5 5 6 5 5 5 6 6 4 6 0 6 6 6 2 6 6 6 6 6 6 6 6 0 6 6 6 6 4 6 6 6 6 6 4 6 6 6 6 4 6 4 6 4 6 6 6 6 4 6 6 6 6 6 6 6 6 6 6 4 6 6 6 2 2 6 6 6 6 6 6 6 4 4 4 4 4 4 4 4 4 4 4 4 4 4 6 4 4 4 4 4 4 4 4 4 4 4 4 4 4 4 4 4 6 4 4 4 6 4 4 4 4 
#p3-k1
6 6 6 6 6 2 6 2 2 6 2 2 2 6 6 2 6 6 2 6 6 2 4 6 6 2 2 6 6 2 6 6 2 6 2 2 2 6 2 6 2 2 6 2 2 2 2 6 6 3 6 6 2 2 2 6 2 2 6 2 6 6 2 6 2 2 2 2 2 2 6 6 6 2 2 2 6 6 2 6 2 2 2 2 6 2 6 2 2 2 2 2 2 2 2 2 2 2 2 2 2 2 2 2 2 2 2 2 2 2 2 2 2 2 2 2 2 2 2 2 2 2 2 2 2 2 2 2 2 2 2 2 2 2 2 2 2 2 2 2 2 2 2 2 2 2 2 2 2 2 2 2 2 2 2 2 2 2 2 2 2 2 3 6 3 3 3 3 3 3 6 3 3 6 3 3 3 3 6 3 3 6 3 3 3 6 3 3 3 3 3 3 3 3 3 6 3 3 3 3 3 3 3 3 3 3 3 3 6 6 2 3 3 3 3 2 6 3 3 3 3 3 3 3 2 6 6 3 3 3 3 3 3 3 2 3 3 2 2 6 3 3 2 2 3 2 3 3 3 6 6 3 6 6 2 3 3 3 3 3 6 2 2 2 3 3 3 3 3 3 3 3 3 3 3 6 1 1 1 1 1 1 6 1 1 1 1 1 1 1 1 1 1 1 6 1 6 1 6 1 1 1 0 6 0 0 6 0 0 0 0 0 6 0 0 6 0 0 0 0 0 0 0 0 0 6 0 0 0 5 5 5 5 5 5 5 5 5 5 5 6 5 5 5 6 5 5 6 5 5 5 6 5 5 5 6 5 5 5 5 6 6 6 6 6 6 6 6 6 6 6 6 6 2 6 6 6 6 6 6 6 6 6 6 6 6 6 6 6 6 6 6 6 6 6 6 6 6 6 6 6 6 6 6 0 6 6 6 6 6 6 6 6 6 6 6 6 6 4 6 6 6 6 6 6 6 6 6 4 4 6 4 4 4 4 4 4 4 4 4 4 4 4 4 4 4 4 4 4 4 4 4 4 4 4 4 4 4 4 4 4 4 4 6 4 4 4 4 
#p3-k2
6 2 2 2 2 6 2 2 6 2 6 6 6 2 6 2 6 6 6 6 2 2 6 6 6 2 6 6 2 6 6 6 2 6 2 6 6 6 6 6 6 6 6 2 2 6 6 6 6 2 2 2 6 6 2 6 6 2 6 6 6 2 6 2 6 2 2 6 2 2 2 2 6 6 6 6 6 6 6 2 2 6 2 2 6 6 6 2 6 2 2 2 2 2 2 2 2 2 2 2 2 2 2 6 2 2 2 2 2 2 2 2 2 2 2 2 2 2 2 2 2 2 2 2 2 2 2 2 2 2 2 2 2 2 2 2 2 2 2 2 2 2 2 2 2 2 2 2 2 2 2 2 2 2 2 2 2 2 2 2 2 2 3 3 3 3 3 3 3 3 3 3 3 3 3 3 3 3 6 3 3 3 3 6 3 3 3 3 6 6 3 3 6 3 6 3 3 3 3 3 3 3 3 3 3 3 3 6 6 6 6 6 3 3 6 6 6 6 6 3 6 6 2 3 6 6 3 6 6 6 6 6 6 6 2 6 6 6 6 6 3 6 6 6 6 6 6 6 6 6 6 6 6 6 6 6 6 3 6 3 6 6 6 6 6 6 2 6 6 2 6 6 6 6 6 6 1 6 1 1 1 1 1 6 1 1 1 1 1 1 1 1 1 6 1 6 1 1 1 1 1 1 0 0 6 0 0 0 0 0 0 0 0 0 0 0 0 0 0 0 0 0 0 0 0 0 0 0 0 5 5 5 5 5 5 5 5 6 5 5 5 5 5 5 5 5 5 5 5 5 6 5 6 5 5 6 5 6 6 6 6 6 6 6 6 6 6 6 6 6 6 6 4 4 6 6 6 6 6 6 6 6 6 6 0 6 6 6 6 6 4 4 6 6 4 6 6 6 6 6 6 4 6 6 6 4 6 6 6 6 6 6 6 6 6 4 6 6 6 6 6 6 4 4 6 6 6 4 4 4 4 4 4 4 4 4 4 4 4 4 4 4 4 4 4 4 4 4 4 4 4 4 4 4 4 4 4 4 4 4 4 4 4 4 4 4 4 4 
#p3-k3
6 2 6 2 6 6 2 2 2 2 6 2 6 6 2 6 6 2 2 6 2 2 6 6 2 2 6 6 6 6 6 6 2 2 2 2 6 6 6 2 2 2 6 6 6 2 2 6 6 6 2 6 2 6 6 2 6 6 2 2 6 6 2 6 6 6 6 6 6 2 2 6 6 6 6 6 6 6 6 2 6 2 2 2 6 6 2 6 2 2 2 2 2 2 2 2 2 2 2 2 2 2 2 2 2 2 2 2 2 2 2 2 2 2 2 2 2 2 2 2 2 2 2 2 2 2 2 2 2 2 2 2 2 2 2 2 2 2 2 2 2 2 2 2 2 2 2 2 2 2 2 2 2 2 2 2 2 2 2 2 2 2 3 3 3 3 6 3 3 6 3 6 3 3 3 3 3 3 3 3 3 3 3 3 3 3 3 3 3 3 3 3 3 3 3 3 3 3 3 3 3 3 3 3 3 3 3 6 3 2 3 3 6 6 6 6 6 6 3 6 6 6 6 6 6 3 3 3 6 6 6 6 3 6 2 3 3 3 6 6 6 6 3 6 2 6 6 2 6 6 6 2 6 6 6 6 6 6 3 2 6 6 6 6 6 6 2 6 6 6 2 6 6 3 6 2 1 1 1 1 1 1 1 1 1 1 6 1 1 1 6 1 1 1 1 1 1 1 1 1 6 1 0 0 0 0 0 0 0 0 6 0 0 0 0 6 0 0 0 0 0 0 0 0 0 0 0 0 0 5 5 5 5 5 5 5 6 5 5 5 5 5 5 5 5 5 5 5 6 6 5 6 6 6 6 5 6 6 6 6 6 6 6 6 6 6 6 6 6 6 6 6 6 6 6 6 6 6 2 6 6 6 6 6 6 6 6 6 6 6 6 6 6 6 6 6 6 6 6 6 6 6 6 6 6 6 6 6 6 6 6 2 6 6 6 6 6 6 6 2 6 6 6 6 6 6 6 4 4 4 4 4 4 4 4 4 4 4 4 4 4 4 4 4 4 4 4 4 4 4 4 4 4 4 6 4 4 4 4 4 4 4 4 4 4 4 4 4 
#p3-k4
2 6 2 6 6 2 2 2 6 6 2 6 6 2 6 2 6 2 6 6 2 6 2 2 2 6 6 6 6 6 6 6 2 6 6 2 2 6 2 2 6 6 6 6 6 2 6 2 6 2 2 6 2 2 2 6 2 2 2 6 2 6 2 6 2 6 2 2 6 6 6 2 6 2 2 2 2 6 2 2 2 2 2 2 6 2 2 2 6 2 6 2 6 2 2 2 2 2 2 2 2 2 2 2 6 2 2 2 2 2 2 2 2 2 2 2 2 2 2 2 2 2 2 2 2 2 2 2 2 2 6 2 2 2 2 2 2 2 2 2 2 2 2 2 2 2 2 2 2 2 2 2 2 2 2 2 2 2 2 2 2 2 2 2 2 2 2 2 6 3 3 3 3 6 3 3 3 3 3 3 3 3 3 3 3 3 3 3 3 3 3 3 3 3 6 3 3 3 3 3 3 6 3 3 3 6 3 3 6 3 3 3 3 3 6 3 6 3 6 3 6 6 3 6 6 6 6 3 6 3 3 3 6 6 6 6 3 3 3 6 3 6 3 3 3 3 2 6 6 2 6 3 3 6 6 6 6 6 3 3 2 3 6 6 2 3 3 3 6 6 6 6 6 6 3 3 3 3 3 3 6 3 3 3 3 3 3 1 1 1 1 6 1 1 1 1 1 1 1 1 1 1 1 1 6 1 1 1 1 6 1 1 1 1 1 1 0 6 0 0 0 0 0 0 0 0 0 0 0 0 0 0 6 0 0 0 0 0 0 0 0 0 0 0 0 6 5 5 5 5 6 5 5 5 6 5 5 6 5 5 5 5 5 5 5 6 6 5 5 5 5 5 5 5 6 5 5 5 5 6 5 6 6 6 6 6 4 6 6 6 6 6 6 2 6 6 6 6 6 6 6 6 6 4 6 0 6 6 6 6 6 6 6 6 6 6 6 4 6 6 6 4 4 6 4 6 4 6 6 4 4 4 6 4 4 6 6 4 6 6 6 6 6 6 4 4 4 4 4 4 4 4 6 4 4 4 4 4 4 4 4 4 4 4 4 4 4 4 4 4 4 4 4 4 4 4 4 4 4 4 6 4 4 4 4 4 4 4 4 4 4 6 
#p4-k0
4 6 6 6 6 6 6 6 6 6 6 6 2 6 6 6 6 6 6 6 6 6 6 6 6 6 6 6 6 2 6 6 6 2 6 6 6 6 6 6 6 6 6 6 6 6 6 6 6 2 6 2 6 6 6 2 6 6 6 4 6 2 6 6 6 6 6 4 6 2 6 6 6 2 6 6 2 6 6 6 6 2 2 6 6 2 6 2 6 0 6 6 4 6 6 6 6 6 6 6 6 6 6 6 6 6 6 6 6 6 6 6 0 6 6 6 6 6 6 0 6 6 6 6 6 6 6 0 4 6 6 0 0 6 6 6 0 6 6 6 6 0 6 0 6 6 6 0 6 6 6 6 6 0 0 6 6 6 0 6 6 6 4 4 4 4 4 4 4 4 4 4 4 4 4 4 4 4 6 6 4 4 4 4 4 4 4 4 4 4 6 4 4 4 4 4 4 4 4 4 4 4 4 4 4 4 4 0 0 0 0 0 0 0 0 0 0 0 0 0 0 0 0 0 0 0 0 0 0 0 0 0 0 0 0 0 0 0 0 0 0 0 0 0 0 0 0 0 0 0 0 0 0 0 0 0 0 0 0 0 0 6 0 0 0 0 6 0 0 0 0 0 0 0 0 0 2 2 2 2 2 2 2 2 2 2 2 2 2 2 2 2 2 2 2 2 2 2 2 2 2 2 6 6 6 6 6 6 6 2 6 2 6 6 2 2 6 6 2 6 2 6 6 2 6 6 6 6 6 5 5 5 5 5 5 5 5 5 5 5 5 5 5 5 5 5 5 5 6 5 6 5 5 6 6 5 5 5 5 5 6 1 1 1 1 1 1 1 1 1 1 1 1 1 1 1 1 1 6 1 1 1 1 1 6 1 1 1 1 1 1 1 1 6 1 1 1 1 1 1 1 1 1 1 1 1 1 1 1 1 1 1 1 1 1 1 1 1 1 1 1 1 1 1 1 1 1 3 6 3 3 6 3 3 3 3 3 3 3 3 3 3 3 3 3 3 3 3 3 3 3 3 3 3 3 3 3 3 3 3 3 3 3 6 3 3 6 3 
#p4-k1
6 6 6 6 6 6 6 6 6 6 6 4 4 6 6 6 6 6 4 6 6 6 6 6 6 2 6 6 6 6 6 6 6 6 4 6 6 6 6 6 6 6 6 6 6 6 6 6 6 3 4 6 6 6 6 6 6 6 6 6 4 6 6 6 6 6 6 6 6 6 6 4 6 6 6 6 6 6 6 6 6 4 6 6 6 6 6 6 6 6 6 6 6 6 6 6 4 6 0 6 6 4 6 6 6 6 6 6 0 4 6 6 6 6 6 6 6 6 6 4 6 6 6 6 6 6 6 6 6 6 6 6 6 6 6 6 6 6 6 4 6 4 6 6 6 6 6 6 6 6 6 6 6 6 6 6 6 6 6 6 6 6 4 4 4 4 4 4 4 4 4 4 4 4 4 4 4 4 4 4 4 4 4 4 4 4 4 4 4 4 4 4 4 4 4 4 4 6 4 4 4 4 4 4 4 4 4 0 0 0 0 0 0 0 0 0 0 0 0 0 0 0 0 6 0 0 0 0 0 0 0 0 0 0 0 0 0 6 0 0 0 0 0 0 0 0 0 0 0 0 0 0 6 0 0 0 0 0 0 0 0 0 0 0 0 0 0 0 0 0 0 0 0 0 0 0 2 2 2 2 2 2 2 2 2 2 2 2 2 2 2 2 2 6 2 2 2 2 2 2 2 2 6 6 6 6 6 2 2 2 2 6 6 2 6 6 6 2 2 6 6 6 6 2 6 6 6 6 6 5 5 5 5 5 5 5 5 5 5 5 5 5 5 5 5 5 5 5 5 6 5 6 6 6 5 6 6 6 5 6 5 4 1 1 1 1 1 1 1 6 1 1 1 1 1 1 1 1 1 1 1 1 1 1 1 1 1 1 1 1 1 1 1 1 1 1 1 1 6 1 1 1 6 1 1 1 1 1 1 1 1 1 1 1 6 1 6 1 1 1 1 1 1 1 1 1 1 3 3 3 3 3 3 3 3 3 3 3 3 3 3 3 3 3 3 3 3 3 3 3 3 3 3 3 3 3 3 3 3 3 3 3 3 3 3 3 3 3 
#p4-k2
6 6 6 6 6 6 6 6 6 6 6 6 6 6 6 6 6 6 6 6 6 6 6 6 4 6 6 6 4 6 6 6 6 4 6 6 6 6 6 6 6 6 6 6 6 6 6 4 6 6 6 6 6 6 6 6 6 6 6 6 6 6 6 6 6 6 6 6 6 6 6 6 6 6 6 6 6 6 4 6 6 6 6 6 6 6 6 6 6 6 6 0 0 6 6 6 6 6 6 6 6 6 6 0 0 0 6 6 6 6 6 0 6 0 6 4 6 6 6 6 6 6 6 6 6 6 6 6 6 6 6 6 6 6 6 6 6 6 6 6 6 0 6 6 0 6 6 0 6 6 4 6 6 6 6 6 6 4 6 4 6 6 4 4 4 4 4 4 4 4 4 4 4 4 4 4 4 4 4 4 4 4 4 4 6 4 4 4 4 4 4 4 4 4 4 4 4 4 4 4 4 4 4 4 4 4 4 0 0 0 0 0 0 0 0 0 0 0 0 0 0 0 0 0 0 0 0 0 0 0 0 0 0 0 0 0 0 0 0 6 0 6 0 0 0 0 0 0 0 0 0 0 0 0 6 0 0 0 0 0 0 0 0 0 0 0 0 0 0 0 0 0 0 0 0 0 2 6 2 2 2 2 2 2 2 2 2 2 2 2 2 2 2 2 2 2 2 2 2 2 2 2 2 6 6 6 2 6 6 6 6 2 6 6 6 6 6 6 6 6 2 6 6 6 2 6 6 2 6 5 5 5 5 5 5 6 6 5 5 5 5 5 5 5 5 5 5 5 6 5 6 6 6 6 6 6 5 5 5 6 5 1 1 1 1 1 1 1 1 1 6 1 1 1 1 1 1 1 1 1 1 1 1 6 1 1 1 1 1 1 6 1 1 1 1 1 1 1 1 1 6 1 1 1 1 1 1 1 1 1 1 1 1 1 1 1 1 1 1 1 1 1 1 1 1 1 1 3 3 3 3 3 3 3 3 3 3 3 3 3 3 3 3 3 3 3 3 3 3 3 3 3 3 3 3 3 3 3 3 3 3 3 3 3 3 3 3 3 
#p4-k3
6 6 6 6 6 6 6 6 6 6 6 6 6 6 6 4 6 6 6 6 6 6 6 6 6 6 6 6 6 6 6 6 6 6 6 6 6 6 6 6 6 6 6 6 6 6 6 6 6 6 6 6 6 6 6 6 6 6 6 6 6 6 6 6 6 6 6 6 6 6 4 6 2 6 6 6 6 6 6 6 6 6 6 6 6 6 6 6 6 6 6 6 6 0 4 6 6 6 6 6 6 6 6 6 6 6 6 6 6 6 6 6 6 6 6 6 6 6 6 6 6 6 6 6 6 6 6 6 6 0 6 6 6 6 6 6 6 6 6 6 6 6 6 6 6 6 6 6 6 6 6 6 6 6 6 6 6 6 6 0 6 6 4 4 4 4 4 4 4 6 4 4 4 4 4 4 4 4 6 4 4 4 4 4 4 4 4 4 4 6 4 4 4 4 4 4 4 4 4 4 4 4 4 4 4 4 4 0 0 0 0 0 0 0 0 6 0 0 0 0 0 0 0 0 0 0 0 0 6 0 0 0 0 0 0 0 0 0 0 0 0 0 0 0 0 0 0 0 6 0 0 0 0 0 0 0 0 0 0 0 0 0 0 0 0 0 0 0 0 0 6 0 0 0 0 0 2 2 2 2 2 2 2 2 6 2 2 2 2 2 2 2 6 6 2 2 2 2 2 2 2 2 6 6 6 6 6 6 6 6 2 6 2 6 6 6 6 2 6 6 6 6 6 2 6 6 6 6 6 5 5 5 5 5 5 5 5 5 5 5 5 5 5 5 6 5 5 5 5 6 6 6 6 5 5 5 5 6 5 5 6 1 1 1 1 1 1 1 1 1 1 1 1 1 1 1 1 1 1 1 1 1 6 1 1 1 1 1 1 1 1 1 1 1 1 1 1 1 1 1 1 1 1 1 1 1 1 1 1 1 1 1 1 1 1 1 1 1 1 1 1 1 1 1 1 1 1 3 3 6 3 3 6 3 3 3 3 3 3 3 3 3 3 3 3 3 3 3 3 3 3 3 3 3 3 3 3 3 3 3 3 3 3 3 3 3 3 3 
#p4-k4
4 6 6 6 6 6 6 4 6 6 6 6 6 6 6 6 6 6 6 6 6 6 6 6 6 4 6 6 4 6 6 6 6 6 6 6 6 6 6 6 6 6 6 6 6 6 6 6 6 6 6 6 6 6 6 6 6 6 6 6 4 6 6 6 6 6 6 6 6 6 6 6 4 6 6 4 6 6 6 6 6 6 6 6 6 6 4 6 6 6 6 6 6 6 4 6 6 6 6 6 6 6 6 4 6 6 0 6 0 4 6 6 6 6 4 6 6 4 6 6 6 6 6 6 6 6 6 6 6 6 6 6 6 6 6 6 6 6 6 6 6 0 6 6 6 6 6 6 6 4 6 4 6 6 4 6 6 6 4 6 0 6 6 4 6 6 6 6 4 6 4 4 4 4 4 4 4 4 4 4 4 4 4 4 4 4 4 4 4 4 4 4 4 6 4 4 4 4 4 4 4 4 4 4 4 4 4 4 4 4 4 4 4 4 0 0 0 0 6 0 0 0 6 0 0 0 6 0 0 0 0 0 0 0 0 0 0 0 0 0 0 0 0 0 0 0 0 0 0 0 0 0 0 0 0 0 0 0 0 0 0 0 0 0 0 0 0 0 0 6 0 0 0 0 0 0 0 0 0 0 0 0 0 0 0 0 0 6 2 6 2 2 2 2 2 2 2 2 2 6 2 2 2 2 2 2 6 2 2 2 2 2 2 2 2 2 2 6 2 6 2 6 6 6 6 2 6 2 2 6 6 2 2 6 6 2 2 2 6 6 6 2 2 6 3 6 5 5 6 6 6 5 6 6 5 5 5 6 5 5 6 5 6 6 5 6 6 5 6 5 6 6 6 6 6 6 6 6 5 5 5 1 1 1 1 1 1 6 1 1 1 1 1 1 1 1 1 1 1 1 1 1 1 1 1 1 1 1 1 1 1 1 1 1 1 1 1 1 1 1 1 1 1 1 1 1 1 1 1 1 1 6 1 1 1 1 1 1 1 6 1 1 1 1 1 1 1 1 3 3 3 3 3 3 3 3 3 3 3 3 3 3 3 3 3 3 3 3 3 3 3 3 3 6 3 3 3 3 3 3 3 3 3 3 3 3 3 3 3 3 3 6 
